<<<<<<< HEAD
Path: [219, 109, 93, 128, 23, 203, 62, 309, 315, 244, 302, 146, 374, 378, 392, 270, 70, 67, 276, 249, 279, 345, 353, 16, 311, 58, 184, 295, 265, 2, 379, 200, 110, 22, 83, 28, 59, 60, 161, 310, 79, 3, 94, 266, 351, 138, 217, 277, 254, 137, 15, 226, 271, 290, 56, 40, 383, 1, 102, 363, 170, 19, 397, 349, 334, 318, 68, 304, 168, 335, 51, 31, 13, 29, 158, 187, 365, 297, 366, 34, 286, 9, 278, 117, 223, 283, 169, 134, 72, 195, 47, 228, 323, 191, 118, 27, 14, 144, 227, 26, 273, 316, 53, 171, 199, 206, 361, 210, 247, 198, 285, 245, 347, 115, 340, 370, 256, 6, 233, 390, 92, 253, 80, 339, 325, 156, 176, 255, 149, 343, 336, 376, 97, 162, 237, 208, 281, 357, 190, 326, 322, 293, 331, 274, 10, 130, 229, 252, 352, 174, 359, 150, 314, 133, 222, 77, 372, 238, 205, 100, 165, 143, 398, 388, 262, 49, 7, 46, 25, 385, 380, 246, 355, 393, 74, 216, 296, 96, 350, 204, 291, 241, 212, 251, 122, 152, 263, 106, 348, 8, 129, 377, 221, 257, 105, 324, 224, 157, 120, 333, 354, 220, 364, 65, 275, 264, 33, 284, 338, 32, 41, 267, 317, 201, 114, 213, 301, 123, 103, 234, 319, 11, 327, 299, 239, 37, 90, 292, 107, 346, 99, 394, 160, 73, 43, 5, 396, 258, 211, 78, 139, 87, 75, 342, 368, 362, 280, 308, 236, 186, 395, 64, 63, 121, 303, 202, 86, 248, 35, 89, 282, 124, 389, 259, 260, 196, 306, 300, 154, 112, 373, 147, 151, 163, 131, 287, 148, 269, 136, 386, 38, 272, 329, 55, 127, 214, 98, 135, 57, 141, 71, 382, 39, 66, 328, 189, 332, 69, 84, 48, 231, 153, 178, 119, 288, 126, 225, 209, 91, 371, 384, 172, 36, 298, 181, 54, 387, 12, 145, 45, 4, 232, 185, 250, 218, 313, 155, 242, 20, 164, 175, 188, 194, 344, 356, 111, 30, 125, 88, 193, 197, 108, 61, 261, 21, 76, 182, 375, 104, 294, 166, 101, 116, 159, 42, 215, 183, 44, 243, 307, 207, 50, 17, 18, 312, 52, 192, 142, 177, 391, 85, 330, 320, 0, 305, 180, 82, 132, 179, 289, 367, 381, 268, 167, 173, 140, 113, 95, 360, 81, 337, 235, 230, 24, 358, 321, 240, 341, 369, 219]
Distance: 68.98475533027748
Total Time: 135.297301505
Population Size: 100
Generations: 1453980
Crossover: partially_mapped_crossover
Mutations: {"swap_mutation", "greedy_sub_tour_mutation", "simple_inversion_mutation", "displacement_mutation", "greedy_insertion_mutation", "", "insertion_mutation", "inversion_mutation"}
=======
Path: [329, 250, 218, 313, 193, 155, 242, 20, 125, 88, 30, 111, 294, 104, 166, 101, 116, 159, 42, 356, 344, 194, 188, 175, 164, 128, 93, 44, 183, 215, 243, 307, 50, 207, 369, 219, 109, 309, 315, 244, 374, 146, 302, 163, 131, 287, 148, 136, 269, 63, 121, 303, 202, 86, 248, 35, 89, 282, 124, 389, 259, 260, 196, 306, 300, 353, 16, 311, 58, 295, 265, 2, 379, 200, 110, 22, 351, 94, 266, 271, 138, 217, 277, 254, 137, 15, 226, 290, 56, 40, 383, 1, 102, 310, 161, 79, 3, 60, 59, 28, 83, 184, 279, 249, 345, 154, 112, 373, 147, 151, 276, 67, 70, 270, 378, 392, 95, 360, 113, 140, 173, 268, 167, 82, 180, 305, 0, 335, 132, 179, 289, 367, 381, 397, 19, 170, 363, 349, 334, 318, 68, 304, 168, 51, 31, 13, 29, 158, 330, 320, 235, 337, 81, 341, 240, 321, 358, 230, 24, 177, 142, 192, 52, 312, 18, 17, 53, 171, 199, 206, 361, 210, 247, 198, 14, 144, 227, 26, 316, 273, 169, 134, 223, 283, 34, 366, 297, 391, 85, 187, 365, 286, 9, 278, 117, 72, 195, 47, 339, 325, 156, 176, 255, 149, 343, 336, 376, 97, 162, 237, 208, 281, 357, 190, 331, 326, 322, 293, 143, 165, 100, 205, 238, 372, 77, 314, 150, 352, 133, 222, 10, 274, 130, 229, 252, 370, 256, 6, 233, 390, 92, 253, 80, 228, 323, 191, 118, 27, 285, 245, 347, 115, 340, 174, 359, 76, 182, 375, 261, 61, 21, 108, 197, 36, 172, 384, 371, 91, 209, 225, 126, 288, 298, 181, 387, 54, 4, 232, 185, 98, 135, 57, 141, 71, 382, 107, 292, 90, 37, 239, 39, 66, 328, 189, 332, 69, 84, 45, 145, 12, 48, 231, 153, 178, 119, 46, 25, 385, 380, 246, 355, 393, 74, 216, 296, 96, 350, 204, 291, 241, 212, 251, 122, 152, 49, 7, 262, 388, 398, 263, 106, 348, 8, 129, 377, 221, 257, 105, 324, 224, 157, 120, 333, 354, 220, 364, 65, 275, 264, 33, 284, 338, 32, 41, 317, 114, 201, 267, 11, 327, 299, 319, 234, 103, 99, 346, 394, 160, 5, 43, 73, 123, 213, 301, 396, 258, 211, 78, 139, 87, 75, 342, 368, 362, 308, 280, 186, 236, 214, 395, 64, 127, 55, 386, 38, 62, 23, 203, 272, 329]
Distance: 70.09118913234298
Total Time: 208.029824371
Population Size: 5
Generations: 1443946
Crossover: cycle_crossover
Mutations: {"displacement_mutation", "inversion_mutation", "swap_mutation", "greedy_insertion_mutation", "simple_inversion_mutation", "", "greedy_sub_tour_mutation", "insertion_mutation"}
>>>>>>> ant-colony-optimization
