<<<<<<< HEAD
Path: [130, 243, 138, 17, 26, 245, 33, 29, 192, 170, 127, 27, 53, 128, 44, 204, 98, 268, 58, 244, 257, 14, 37, 89, 249, 182, 236, 7, 239, 190, 95, 113, 112, 143, 194, 62, 277, 134, 228, 168, 274, 191, 253, 46, 100, 19, 254, 219, 231, 99, 176, 146, 283, 69, 76, 110, 30, 25, 18, 85, 279, 133, 232, 263, 28, 188, 247, 207, 269, 169, 162, 157, 91, 174, 262, 273, 40, 248, 282, 221, 281, 43, 8, 13, 213, 11, 155, 173, 49, 111, 151, 160, 103, 135, 259, 75, 200, 218, 270, 36, 83, 223, 22, 15, 115, 38, 97, 101, 45, 210, 287, 148, 114, 67, 195, 131, 24, 217, 150, 109, 209, 139, 82, 290, 289, 233, 215, 225, 265, 163, 206, 216, 145, 3, 276, 23, 2, 47, 177, 184, 39, 181, 142, 60, 55, 66, 251, 74, 201, 241, 79, 202, 229, 147, 92, 93, 166, 48, 285, 0, 12, 65, 57, 86, 106, 152, 137, 141, 294, 61, 178, 132, 208, 117, 198, 9, 193, 70, 16, 149, 120, 292, 260, 125, 180, 21, 293, 144, 159, 84, 235, 212, 90, 123, 136, 280, 264, 164, 196, 258, 171, 6, 172, 72, 71, 68, 105, 64, 199, 5, 240, 78, 185, 51, 222, 165, 118, 246, 129, 278, 230, 35, 80, 256, 31, 187, 211, 81, 104, 250, 102, 32, 88, 121, 77, 158, 267, 42, 261, 226, 234, 255, 224, 10, 183, 56, 238, 175, 252, 140, 94, 73, 242, 119, 1, 179, 41, 291, 87, 284, 189, 203, 122, 286, 63, 4, 227, 153, 20, 275, 108, 107, 266, 197, 116, 288, 214, 50, 52, 161, 205, 124, 271, 34, 59, 272, 156, 167, 186, 126, 154, 220, 237, 54, 96, 130]
Distance: 41.284421431812525
Total Time: 31.773451973
Population Size: 100
Generations: 586594
Crossover: partially_mapped_crossover
Mutations: {"inversion_mutation", "displacement_mutation", "greedy_insertion_mutation", "", "insertion_mutation", "greedy_sub_tour_mutation", "simple_inversion_mutation", "swap_mutation"}
=======
Path: [211, 187, 31, 35, 230, 278, 129, 246, 118, 165, 222, 51, 185, 78, 240, 5, 199, 64, 105, 68, 21, 180, 125, 260, 292, 120, 149, 16, 70, 193, 9, 117, 198, 294, 61, 178, 141, 137, 106, 86, 57, 65, 12, 0, 285, 66, 55, 251, 60, 142, 181, 282, 221, 39, 177, 184, 74, 201, 241, 202, 79, 93, 48, 166, 92, 147, 229, 215, 233, 289, 290, 139, 209, 82, 225, 265, 163, 206, 47, 2, 23, 276, 216, 145, 3, 217, 24, 131, 195, 67, 114, 287, 210, 150, 109, 15, 22, 223, 115, 270, 36, 83, 218, 200, 160, 151, 38, 97, 111, 49, 101, 45, 148, 8, 43, 281, 248, 40, 146, 273, 283, 69, 262, 174, 162, 169, 269, 207, 247, 188, 28, 263, 232, 133, 279, 85, 18, 25, 157, 91, 76, 110, 30, 168, 228, 134, 274, 191, 176, 253, 46, 99, 231, 219, 254, 19, 100, 277, 62, 194, 143, 112, 113, 95, 190, 182, 249, 89, 37, 14, 257, 236, 7, 239, 13, 213, 11, 155, 173, 244, 58, 268, 98, 204, 44, 128, 53, 27, 127, 170, 192, 29, 33, 245, 26, 17, 243, 130, 96, 138, 103, 135, 259, 75, 54, 237, 220, 154, 126, 186, 167, 156, 272, 59, 34, 271, 124, 205, 161, 52, 50, 214, 288, 107, 266, 197, 116, 20, 153, 227, 275, 108, 152, 4, 63, 286, 132, 208, 122, 203, 189, 284, 87, 291, 41, 179, 1, 119, 242, 84, 159, 144, 293, 71, 72, 172, 6, 171, 258, 196, 164, 261, 42, 226, 264, 280, 136, 123, 90, 212, 235, 73, 94, 140, 252, 175, 238, 56, 183, 10, 224, 255, 234, 267, 158, 77, 121, 88, 80, 256, 32, 102, 250, 104, 81, 211]
Distance: 41.2043626946022
Total Time: 22.288662133
Population Size: 1
Generations: 1068887
Crossover: 
Mutations: {"greedy_insertion_mutation", "insertion_mutation", "simple_inversion_mutation", "swap_mutation", "greedy_sub_tour_mutation", "displacement_mutation", "inversion_mutation"}
Greedy Start Range: 1
>>>>>>> ant-colony-optimization
